              precision    recall  f1-score   support

           A       0.00      0.00      0.00         8
           B       0.00      0.00      0.00        10
           C       0.00      0.00      0.00        12
           D       0.00      0.00      0.00        13
           E       0.00      0.00      0.00         9
           F       0.00      0.00      0.00        14
           G       0.00      0.00      0.00         4
           H       0.00      0.00      0.00        55
           I       0.00      0.00      0.00        24
           J       0.00      0.00      0.00         5
           K       0.00      0.00      0.00        11
           L       0.00      0.00      0.00        12
           M       0.00      0.00      0.00        78
           N       0.00      0.00      0.00        10
           O       0.00      0.00      0.00        28
           P       0.00      0.00      0.00         6
           Q       0.00      0.00      0.00        12
           R       0.00      0.00      0.00         7
           S       0.00      0.00      0.00       438
           T       0.13      1.00      0.22       126
           V       0.00      0.00      0.00        69
           W       0.00      0.00      0.00        10
           X       0.00      0.00      0.00         7
           Y       0.00      0.00      0.00        16
           Z       0.00      0.00      0.00        16

    accuracy                           0.13      1000
   macro avg       0.01      0.04      0.01      1000
weighted avg       0.02      0.13      0.03      1000
