              precision    recall  f1-score   support

           A       1.00      1.00      1.00         2
           B       1.00      1.00      1.00         5
           C       1.00      1.00      1.00         6
           D       1.00      1.00      1.00         8
           E       1.00      1.00      1.00         5
           F       1.00      1.00      1.00         2
           G       1.00      1.00      1.00         8
           H       1.00      1.00      1.00        18
           I       1.00      1.00      1.00        11
           J       1.00      1.00      1.00         1
           K       1.00      1.00      1.00         5
           L       1.00      1.00      1.00         7
           M       1.00      1.00      1.00        35
           N       1.00      1.00      1.00         7
           O       1.00      1.00      1.00         9
           P       1.00      1.00      1.00         1
           Q       1.00      1.00      1.00         4
           R       1.00      1.00      1.00         7
           S       1.00      1.00      1.00       232
           T       1.00      1.00      1.00        71
           V       1.00      1.00      1.00        23
           W       1.00      1.00      1.00         7
           X       1.00      1.00      1.00         6
           Y       1.00      1.00      1.00        10
           Z       1.00      1.00      1.00        10

    accuracy                           1.00       500
   macro avg       1.00      1.00      1.00       500
weighted avg       1.00      1.00      1.00       500
